(HA,2011,25,110.48)
(HA,2010,49,107.37)
(HA,2011,26,111.73)
(HA,2011,27,110.47)
(HA,2005,50,104.34)
(HA,2011,28,112.14)
(HA,2011,29,110.99)
(HA,2005,51,105.78)
(HA,2005,52,104.4)
(HA,2005,53,105.18)
(HA,2006,30,108)
(HA,2006,31,108.41)
(HA,2006,32,106.5)
(HA,2006,33,107.59)
(HA,2007,10,113.2)
(HA,2006,34,105.82)
(HA,2007,11,112.86)
(HA,2007,12,111.37)
(HA,2006,35,108.92)
(HA,2006,36,109.14)
(HA,2007,13,112.06)
(HA,2007,14,111.67)
(HA,2006,37,106.5)
(HA,2006,38,109.56)
(HA,2007,15,111.86)
(HA,2007,16,112.2)
(HA,2006,39,109.09)
(HA,2007,17,112)
(HA,2004,1,102.4)
(HA,2007,18,112.53)
(HA,2004,2,100.6)
(HA,2007,19,114.33)
(HA,2004,3,99.33)
(HA,2004,4,101.1)
(HA,2004,5,101.2)
(HA,2004,6,99.53)
(HA,2004,7,100.27)
(HA,2004,8,100.19)
(HA,2010,50,108.04)
(HA,2004,9,99.16)
(HA,2010,51,109.14)
(HA,2010,52,108.18)
(HA,2011,30,110.52)
(HA,2011,31,110.26)
(HA,2011,32,111)
(HA,2012,10,114.42)
(HA,2011,33,112.48)
(HA,2012,11,113.9)
(HA,2011,34,111.53)
(HA,2011,35,110.16)
(HA,2012,12,113.22)
(HA,2011,36,111)
(HA,2012,13,112.53)
(HA,2011,37,110.51)
(HA,2012,14,112.85)
(HA,2012,15,113.04)
(HA,2011,38,109.15)
(HA,2011,39,110.94)
(HA,2012,16,113.4)
(HA,2012,17,111.3)
(HA,2006,40,108.41)
(HA,2012,18,111.67)
(HA,2012,19,114.24)
(HA,2006,41,110.7)
(HA,2006,42,109.51)
(HA,2006,43,108.78)
(HA,2007,20,110.63)
(HA,2015,1,131.42)
(HA,2007,21,112.95)
(HA,2015,2,129.15)
(HA,2006,44,109.89)
(HA,2007,22,113.24)
(HA,2015,3,127.66)
(HA,2006,45,107.67)
(HA,2007,23,112.51)
(HA,2006,46,109.82)
(HA,2015,4,130)
(HA,2006,47,109.56)
(HA,2007,24,111.28)
(HA,2015,5,130.29)
(HA,2015,6,129.43)
(HA,2006,48,107.96)
(HA,2007,25,113.21)
(HA,2007,26,111.37)
(HA,2006,49,109.6)
(HA,2015,7,130.92)
(HA,2007,27,110.63)
(HA,2015,8,130.29)
(HA,2015,9,129.45)
(HA,2007,28,112.22)
(HA,2007,29,112.33)
(HA,2003,1,98.05)
(HA,2011,40,111.32)
(HA,2011,41,110.88)
(HA,2011,42,110.73)
(HA,2011,43,110.88)
(HA,2012,20,114.38)
(HA,2011,44,110.26)
(HA,2012,21,113.96)
(HA,2011,45,110.2)
(HA,2012,22,113.22)
(HA,2012,23,113.68)
(HA,2011,46,109.86)
(HA,2012,24,111.8)
(HA,2011,47,111.22)
(HA,2011,48,113.22)
(HA,2012,25,114.66)
(HA,2012,26,112.4)
(HA,2011,49,111.3)
(HA,2012,27,115.2)
(HA,2006,50,109.82)
(HA,2012,28,113.04)
(HA,2006,51,110.16)
(HA,2012,29,113.19)
(HA,2006,52,109.09)
(HA,2007,30,109.71)
(HA,2007,31,112.32)
(HA,2007,32,113.66)
(HA,2007,33,112.82)
(HA,2008,10,117.9)
(HA,2007,34,112.82)
(HA,2008,11,115.2)
(HA,2008,12,116)
(HA,2007,35,112.17)
(HA,2007,36,112.48)
(HA,2008,13,116.62)
(HA,2007,37,113.24)
(HA,2008,14,117.3)
(HA,2008,15,116.76)
(HA,2007,38,112.4)
(HA,2007,39,112.5)
(HA,2008,16,118.03)
(HA,2014,1,124.65)
(HA,2008,17,116.18)
(HA,2008,18,116.44)
(HA,2014,2,123.16)
(HA,2008,19,117.81)
(HA,2014,3,123.48)
(HA,2014,4,122.56)
(HA,2014,5,124.74)
(HA,2014,6,124.44)
(HA,2014,7,124.46)
(HA,2011,50,111.5)
(HA,2014,8,124.46)
(HA,2011,51,112.49)
(HA,2014,9,124.2)
(HA,2011,52,111.98)
(HA,2012,30,114.38)
(HA,2011,53,112.22)
(HA,2012,31,112.73)
(HA,2012,32,114.58)
(HA,2012,33,113.66)
(HA,2013,10,119.52)
(HA,2012,34,113.95)
(HA,2013,11,119.44)
(HA,2013,12,120.45)
(HA,2012,35,113.92)
(HA,2013,13,119.97)
(HA,2012,36,116.18)
(HA,2012,37,115.22)
(HA,2013,14,120.78)
(HA,2012,38,113.52)
(HA,2013,15,120.25)
(HA,2013,16,122.15)
(HA,2012,39,116.49)
(HA,2013,17,120.78)
(HA,2013,18,120.62)
(HA,2007,40,112.06)
(HA,2007,41,112.32)
(HA,2013,19,120.9)
(HA,2007,42,113.82)
(HA,2007,43,112.4)
(HA,2008,20,114.48)
(HA,2008,21,116.59)
(HA,2007,44,113.6)
(HA,2008,22,117.6)
(HA,2007,45,113.52)
(HA,2007,46,113.96)
(HA,2007,47,114)
(HA,2007,48,115.07)
(HA,2007,49,115.44)
(HA,2008,27,113.22)
(HA,2008,28,115.92)
(HA,2008,29,116.18)
(HA,2013,1,120.36)
(HA,2012,40,114.67)
(HA,2013,2,119.24)
(HA,2012,41,113.66)
(HA,2012,42,113.68)
(HA,2013,3,119.7)
(HA,2013,4,118.17)
(HA,2013,20,121.38)
(HA,2012,43,114.72)
(HA,2012,44,115.56)
(HA,2013,5,119.69)
(HA,2013,21,122.74)
(HA,2013,6,120.12)
(HA,2013,22,121.9)
(HA,2012,45,114.38)
(HA,2013,7,121.29)
(HA,2013,23,119.51)
(HA,2012,46,114.66)
(HA,2012,47,115.5)
(HA,2013,8,120.38)
(HA,2013,24,120.07)
(HA,2013,9,121.29)
(HA,2012,48,114.8)
(HA,2013,25,119.69)
(HA,2013,26,120.4)
(HA,2012,49,117.62)
(HA,2013,27,119.54)
(HA,2013,28,119.29)
(HA,2007,50,115.07)
(HA,2013,29,118.61)
(HA,2007,51,113.59)
(HA,2007,52,113.73)
(HA,2008,30,116.18)
(HA,2008,31,115.44)
(HA,2008,32,115.12)
(HA,2009,10,101.64)
(HA,2008,33,115.07)
(HA,2008,34,116.94)
(HA,2009,11,101.75)
(HA,2009,12,101.54)
(HA,2008,35,115.11)
(HA,2008,36,115.44)
(HA,2009,13,102.72)
(HA,2008,37,113.58)
(HA,2009,14,102.7)
(HA,2009,15,101.48)
(HA,2008,38,115.57)
(HA,2009,16,102.91)
(HA,2009,1,101.64)
(HA,2008,39,112.78)
(HA,2009,17,104.58)
(HA,2009,2,101.2)
(HA,2009,18,102.9)
(HA,2009,3,100.8)
(HA,2009,19,102.68)
(HA,2009,4,102.12)
(HA,2004,10,101.6)
(HA,2009,5,100.8)
(HA,2004,11,100.49)
(HA,2009,6,101.1)
(HA,2004,12,98.94)
(HA,2004,13,102.34)
(HA,2009,7,101.38)
(HA,2004,14,100.27)
(HA,2009,8,100.88)
(HA,2012,50,117.24)
(HA,2004,15,101.5)
(HA,2009,9,99.96)
(HA,2004,16,99.76)
(HA,2012,51,117.74)
(HA,2004,17,101.01)
(HA,2012,52,116.96)
(HA,2004,18,101.99)
(HA,2013,30,119.36)
(HA,2013,31,119)
(HA,2004,19,100.6)
(HA,2013,32,119.11)
(HA,2014,10,122.8)
(HA,2013,33,119.14)
(HA,2014,11,122.84)
(HA,2013,34,121.44)
(HA,2014,12,123.04)
(HA,2013,35,121.44)
(HA,2013,36,120.82)
(HA,2014,13,125.09)
(HA,2012,1,114.64)
(HA,2014,14,124.25)
(HA,2013,37,120.2)
(HA,2013,38,119.51)
(HA,2014,15,123.21)
(HA,2012,2,113.59)
(HA,2012,3,114.8)
(HA,2014,16,123.12)
(HA,2013,39,119.32)
(HA,2014,17,124.27)
(HA,2012,4,115.88)
(HA,2014,18,124.47)
(HA,2008,40,113.86)
(HA,2012,5,113.95)
(HA,2012,6,114.66)
(HA,2014,19,124.2)
(HA,2008,41,115.07)
(HA,2008,42,115.47)
(HA,2012,7,113.22)
(HA,2009,20,102.35)
(HA,2012,8,114.92)
(HA,2008,43,111.74)
(HA,2008,44,115.07)
(HA,2009,21,102.54)
(HA,2012,9,113.96)
(HA,2008,45,113.49)
(HA,2009,22,102.21)
(HA,2009,23,101.75)
(HA,2008,46,114.24)
(HA,2009,24,103.35)
(HA,2008,47,115.5)
(HA,2009,25,102.06)
(HA,2008,48,112.84)
(HA,2009,26,103.36)
(HA,2008,49,116.62)
(HA,2009,27,103.38)
(HA,2009,28,104.85)
(HA,2009,29,102.59)
(HA,2004,20,101.26)
(HA,2003,44,97.31)
(HA,2004,21,102)
(HA,2003,45,95.88)
(HA,2004,22,99.2)
(HA,2004,23,100.72)
(HA,2003,46,95.46)
(HA,2003,47,95.15)
(HA,2004,24,100.27)
(HA,2004,25,99.28)
(HA,2003,48,97.31)
(HA,2004,26,100.64)
(HA,2003,49,97.96)
(HA,2008,1,116.76)
(HA,2004,27,99.24)
(HA,2008,2,115.81)
(HA,2013,40,120.96)
(HA,2004,28,98.92)
(HA,2004,29,99.4)
(HA,2013,41,120.61)
(HA,2008,3,116.55)
(HA,2008,4,116.4)
(HA,2013,42,119.97)
(HA,2013,43,119.52)
(HA,2014,20,123.94)
(HA,2008,5,117.25)
(HA,2014,21,125.8)
(HA,2008,6,117.66)
(HA,2013,44,119.68)
(HA,2013,45,119.64)
(HA,2014,22,124)
(HA,2008,7,114.92)
(HA,2014,23,123.74)
(HA,2013,46,121.71)
(HA,2008,8,115.53)
(HA,2013,47,119.14)
(HA,2014,24,123.54)
(HA,2008,9,115.44)
(HA,2013,48,119.73)
(HA,2014,25,124.32)
(HA,2013,49,118.61)
(HA,2014,26,124.99)
(HA,2014,27,126.42)
(HA,2008,50,115.5)
(HA,2014,28,125.4)
(HA,2008,51,113.96)
(HA,2014,29,126.85)
(HA,2008,52,114.33)
(HA,2009,30,102.12)
(HA,2009,31,102.77)
(HA,2009,32,103.36)
(HA,2011,1,115.4)
(HA,2009,33,102.88)
(HA,2011,2,111.8)
(HA,2009,34,103.2)
(HA,2009,35,101.64)
(HA,2011,3,111.3)
(HA,2011,4,111.91)
(HA,2009,36,103.32)
(HA,2003,50,96.2)
(HA,2011,5,111.18)
(HA,2009,37,101.1)
(HA,2003,51,99.2)
(HA,2011,6,111.6)
(HA,2009,38,100.56)
(HA,2003,52,96.2)
(HA,2004,30,99.9)
(HA,2011,7,111.37)
(HA,2009,39,103.6)
(HA,2011,8,109.98)
(HA,2004,31,99.16)
(HA,2004,32,100.64)
(HA,2011,9,112.2)
(HA,2004,33,101.2)
(HA,2005,10,104.71)
(HA,2004,34,101.01)
(HA,2005,11,105.82)
(HA,2004,35,101.18)
(HA,2005,12,103.6)
(HA,2004,36,100.98)
(HA,2005,13,104.95)
(HA,2004,37,101.38)
(HA,2005,14,103.7)
(HA,2005,15,102.49)
(HA,2013,50,122.12)
(HA,2004,38,100.63)
(HA,2013,51,120.12)
(HA,2005,16,105.06)
(HA,2004,39,103.2)
(HA,2013,52,119.09)
(HA,2005,17,103.98)
(HA,2005,18,106.14)
(HA,2014,30,125.76)
(HA,2005,19,106.5)
(HA,2014,31,127.02)
(HA,2014,32,126.36)
(HA,2014,33,126.36)
(HA,2015,10,129.85)
(HA,2014,34,127.15)
(HA,2015,11,130.3)
(HA,2015,12,131.12)
(HA,2014,35,126.03)
(HA,2015,13,130.95)
(HA,2007,1,113.37)
(HA,2014,36,125.8)
(HA,2007,2,113.96)
(HA,2015,14,130.05)
(HA,2014,37,124.65)
(HA,2015,15,130.12)
(HA,2007,3,114)
(HA,2014,38,124.34)
(HA,2007,4,114.24)
(HA,2015,16,129.24)
(HA,2014,39,124.8)
(HA,2007,5,114)
(HA,2015,17,130.67)
(HA,2015,18,129.45)
(HA,2007,6,113.22)
(HA,2009,40,103.97)
(HA,2007,7,112.8)
(HA,2010,10,106.68)
(HA,2015,19,129.87)
(HA,2009,41,102.21)
(HA,2007,8,113.04)
(HA,2009,42,101.01)
(HA,2010,11,108.63)
(HA,2009,43,102.5)
(HA,2010,12,107.86)
(HA,2007,9,111)
(HA,2009,44,101.6)
(HA,2010,13,107.92)
(HA,2010,14,106.37)
(HA,2009,45,103.6)
(HA,2010,15,106.78)
(HA,2009,46,101.54)
(HA,2010,16,107.44)
(HA,2009,47,101.63)
(HA,2009,48,103.7)
(HA,2010,17,106.72)
(HA,2004,40,102)
(HA,2010,18,108.36)
(HA,2009,49,103.7)
(HA,2004,41,101.05)
(HA,2010,19,108.3)
(HA,2004,42,101.75)
(HA,2005,20,103.56)
(HA,2004,43,101.05)
(HA,2005,21,104.34)
(HA,2010,1,108.78)
(HA,2004,44,103.7)
(HA,2010,2,108.3)
(HA,2005,22,106.64)
(HA,2004,45,99.96)
(HA,2005,23,104.02)
(HA,2004,46,99.62)
(HA,2010,3,106.93)
(HA,2010,4,106.93)
(HA,2005,24,102.86)
(HA,2004,47,101.05)
(HA,2010,5,106.26)
(HA,2005,25,104.72)
(HA,2004,48,102.12)
(HA,2004,49,101.6)
(HA,2010,6,107.94)
(HA,2005,26,102.12)
(HA,2005,27,105.76)
(HA,2010,7,106.64)
(HA,2010,8,104.71)
(HA,2014,40,125.82)
(HA,2005,28,105.08)
(HA,2014,41,124.7)
(HA,2005,29,103.23)
(HA,2010,9,106.08)
(HA,2014,42,128.39)
(HA,2015,20,128.52)
(HA,2014,43,125.03)
(HA,2015,21,131.15)
(HA,2014,44,125.84)
(HA,2014,45,124.02)
(HA,2015,22,131.56)
(HA,2014,46,125.44)
(HA,2015,23,131.4)
(HA,2014,47,125.65)
(HA,2015,24,130.95)
(HA,2014,48,125.06)
(HA,2015,25,131.48)
(HA,2015,26,133.38)
(HA,2014,49,126.72)
(HA,2015,27,130.72)
(HA,2015,28,131.1)
(HA,2010,20,107.3)
(HA,2015,29,132.57)
(HA,2010,21,110.16)
(HA,2010,22,106.76)
(HA,2010,23,108.93)
(HA,2006,1,109.56)
(HA,2010,24,107.3)
(HA,2006,2,108.78)
(HA,2010,25,105.84)
(HA,2010,26,107.94)
(HA,2006,3,108.36)
(HA,2006,4,109.15)
(HA,2010,27,107.1)
(HA,2004,50,101.38)
(HA,2010,28,106.14)
(HA,2006,5,110.72)
(HA,2004,51,100.64)
(HA,2010,29,106.72)
(HA,2006,6,109.15)
(HA,2004,52,102.86)
(HA,2006,7,108.04)
(HA,2006,8,109.14)
(HA,2005,30,104.87)
(HA,2005,31,103.97)
(HA,2006,9,107.16)
(HA,2005,32,103.98)
(HA,2006,10,110.1)
(HA,2005,33,104.2)
(HA,2006,11,111.07)
(HA,2005,34,105.08)
(HA,2006,12,110.12)
(HA,2005,35,105.08)
(HA,2006,13,108.04)
(HA,2005,36,103.6)
(HA,2006,14,107.86)
(HA,2005,37,103.32)
(HA,2005,38,104.86)
(HA,2014,50,126.36)
(HA,2006,15,108.07)
(HA,2014,51,126.39)
(HA,2006,16,108.04)
(HA,2005,39,105.78)
(HA,2006,17,106.08)
(HA,2014,52,127.11)
(HA,2015,30,133.73)
(HA,2006,18,109.15)
(HA,2015,31,132.44)
(HA,2006,19,109.52)
(HA,2015,32,132.49)
(HA,2015,33,134.3)
(HA,2015,34,131.57)
(HA,2015,35,131.88)
(HA,2015,36,130.95)
(HA,2015,37,134.55)
(HA,2015,38,133.6)
(HA,2015,39,134.8)
(HA,2010,30,107.1)
(HA,2010,31,108.44)
(HA,2010,32,107.1)
(HA,2010,33,108.41)
(HA,2011,10,110.16)
(HA,2010,34,107.1)
(HA,2011,11,111.23)
(HA,2010,35,107.08)
(HA,2011,12,109.38)
(HA,2010,36,106.84)
(HA,2011,13,110.48)
(HA,2011,14,110.04)
(HA,2010,37,106.42)
(HA,2010,38,108.41)
(HA,2011,15,111.37)
(HA,2010,39,107.44)
(HA,2011,16,111.18)
(HA,2011,17,111.3)
(HA,2011,18,110.25)
(HA,2005,40,106.62)
(HA,2005,41,105.74)
(HA,2011,19,110.26)
(HA,2005,42,104.71)
(HA,2005,1,108.04)
(HA,2006,20,108.8)
(HA,2005,43,106.08)
(HA,2006,21,110.18)
(HA,2005,44,106.41)
(HA,2005,2,105.82)
(HA,2005,3,104.71)
(HA,2006,22,110.22)
(HA,2005,45,104.8)
(HA,2005,46,105.28)
(HA,2005,4,105.75)
(HA,2006,23,106.19)
(HA,2006,24,108.12)
(HA,2005,5,103.7)
(HA,2005,47,103.2)
(HA,2005,6,105.07)
(HA,2005,48,106.1)
(HA,2006,25,108.4)
(HA,2005,49,106.13)
(HA,2005,7,103.22)
(HA,2006,26,107)
(HA,2005,8,104.55)
(HA,2006,27,111.39)
(HA,2006,28,107.44)
(HA,2015,40,132)
(HA,2005,9,102.77)
(HA,2015,41,135.29)
(HA,2006,29,108.78)
(HA,2015,42,134.74)
(HA,2015,43,134.4)
(HA,2015,44,135.76)
(HA,2010,40,106.19)
(HA,2010,41,109.71)
(HA,2010,42,107.5)
(HA,2011,20,111.68)
(HA,2010,43,106.93)
(HA,2011,21,111.79)
(HA,2010,44,107.07)
(HA,2011,22,110.72)
(HA,2010,45,107.12)
(HA,2011,23,112.14)
(HA,2011,24,110.88)
