(AS,2014,1,183.94)
(AS,2012,3,151.8)
(AS,2013,2,164.5)
(AS,2011,4,138.29)
(AS,2010,5,127.66)
(AS,2015,1,198.44)
(AS,2011,5,135.08)
(AS,2010,6,124.74)
(AS,2014,2,185.22)
(AS,2013,3,173.02)
(AS,2012,4,150.44)
(AS,2012,5,156.8)
(AS,2011,6,139.32)
(AS,2010,7,122.19)
(AS,2015,2,195.68)
(AS,2013,4,172.14)
(AS,2014,3,178.94)
(AS,2015,3,187.86)
(AS,2012,6,152.84)
(AS,2014,4,181.28)
(AS,2011,7,137.7)
(AS,2013,5,171)
(AS,2010,8,126.01)
(AS,2012,7,153.6)
(AS,2011,8,138.46)
(AS,2013,6,164.93)
(AS,2010,9,123.72)
(AS,2014,5,181.44)
(AS,2015,4,191.52)
(AS,2012,8,148.94)
(AS,2011,9,138.4)
(AS,2013,7,170.89)
(AS,2014,6,181)
(AS,2015,5,191.74)
(AS,2012,9,154.97)
(AS,2015,6,188.79)
(AS,2014,7,176.4)
(AS,2013,8,165.13)
(AS,2015,7,187.35)
(AS,2009,40,112.56)
(AS,2014,8,178.94)
(AS,2013,9,169.98)
(AS,1988,30,53.1)
(AS,1989,20,56.45)
(AS,2008,50,155.31)
(AS,2009,41,113.54)
(AS,2015,8,188.55)
(AS,1988,31,52.8)
(AS,1999,20,95.36)
(AS,1989,21,58)
(AS,1997,40,78.54)
(AS,2008,51,148.78)
(AS,1996,50,83.48)
(AS,2014,9,177.6)
(AS,1998,30,84.95)
(AS,2015,9,193.2)
(AS,2009,42,112.2)
(AS,1996,51,84)
(AS,1997,41,80.92)
(AS,1989,22,56.1)
(AS,1999,21,94.7)
(AS,1988,32,53)
(AS,1998,31,85.68)
(AS,2008,52,154.86)
(AS,1988,33,51.75)
(AS,1999,22,95.46)
(AS,1989,23,54.64)
(AS,1998,32,87.32)
(AS,1997,42,83.95)
(AS,2009,43,112.15)
(AS,1996,52,83.82)
(AS,1989,24,57)
(AS,1999,23,94.94)
(AS,1988,34,52.2)
(AS,1998,33,86.4)
(AS,1997,43,80.62)
(AS,2009,44,115.2)
(AS,2007,10,129.69)
(AS,1999,24,95.82)
(AS,2003,50,85.05)
(AS,1989,25,59)
(AS,2006,20,119)
(AS,1998,34,86.11)
(AS,2005,30,103.28)
(AS,1988,35,53.28)
(AS,1997,44,80.52)
(AS,2004,40,96.78)
(AS,2009,45,116.84)
(AS,2003,51,88.8)
(AS,2013,50,168.8)
(AS,1995,10,81.24)
(AS,1991,50,61.12)
(AS,1999,25,94.96)
(AS,1988,36,52.85)
(AS,2014,40,174.96)
(AS,1998,35,81.84)
(AS,2005,31,104.28)
(AS,1993,30,64.22)
(AS,2015,30,189.72)
(AS,2009,46,117.71)
(AS,2007,11,130.5)
(AS,2004,41,95.56)
(AS,1994,20,66)
(AS,2006,21,119.18)
(AS,1989,26,57.5)
(AS,1997,45,84.8)
(AS,1992,40,61.8)
(AS,1995,11,84.72)
(AS,2006,22,119.17)
(AS,2013,51,168.51)
(AS,1994,21,66.24)
(AS,2015,31,189.52)
(AS,2009,47,116.85)
(AS,1992,41,61.78)
(AS,1997,46,83.7)
(AS,1998,36,83.22)
(AS,1999,26,95.7)
(AS,1988,37,55.5)
(AS,2003,52,86.36)
(AS,1991,51,61.88)
(AS,1993,31,66.15)
(AS,1989,27,57.5)
(AS,2005,32,104.37)
(AS,2007,12,129.56)
(AS,2014,41,175.53)
(AS,2004,42,98.75)
(AS,2015,32,185)
(AS,2004,43,96.82)
(AS,2007,13,127.33)
(AS,1992,42,62.3)
(AS,1989,28,56)
(AS,1998,37,84.68)
(AS,2014,42,172.5)
(AS,1988,38,54)
(AS,1997,47,81.34)
(AS,2013,52,179.01)
(AS,1994,22,66.61)
(AS,1999,27,96.88)
(AS,1993,32,64.77)
(AS,2009,48,115)
(AS,1995,12,82.72)
(AS,2006,23,116.8)
(AS,1991,52,61.75)
(AS,2005,33,107.07)
(AS,2009,49,113.14)
(AS,2004,44,98.49)
(AS,1997,48,83.07)
(AS,2014,43,175.84)
(AS,1992,43,63.72)
(AS,2007,14,130.5)
(AS,1995,13,83.51)
(AS,1987,49,51.72)
(AS,1993,33,66.64)
(AS,1989,29,59)
(AS,1999,28,96.48)
(AS,2015,33,191.22)
(AS,2006,24,116.28)
(AS,1994,23,66.6)
(AS,2005,34,105.05)
(AS,1988,39,52)
(AS,1998,38,84.82)
(AS,2005,35,104.95)
(AS,2004,45,97.2)
(AS,2007,15,130.66)
(AS,2006,25,120.04)
(AS,1995,14,83.18)
(AS,2001,20,117.68)
(AS,2015,34,187.62)
(AS,1994,24,68.67)
(AS,1997,49,84)
(AS,1992,44,60.78)
(AS,1999,29,94.08)
(AS,2000,30,106.11)
(AS,1993,34,65.68)
(AS,2014,44,174.21)
(AS,2002,10,75.64)
(AS,1998,39,84.24)
(AS,2007,16,130.98)
(AS,2005,36,107.76)
(AS,2002,11,77.15)
(AS,2001,21,114.4)
(AS,2000,31,107.1)
(AS,2004,46,94.53)
(AS,1990,10,56.18)
(AS,2012,10,154.77)
(AS,2006,26,115.52)
(AS,1992,45,63.48)
(AS,2014,45,177.84)
(AS,2015,35,188.1)
(AS,1995,15,84.54)
(AS,1993,35,65.6)
(AS,2010,30,125.98)
(AS,2011,20,136.12)
(AS,1994,25,70.44)
(AS,1995,16,82.6)
(AS,2006,27,118.34)
(AS,2001,22,113.12)
(AS,2007,17,131.37)
(AS,2012,11,151.32)
(AS,2005,37,105.48)
(AS,1993,36,65.59)
(AS,2000,32,107.1)
(AS,2004,47,98.8)
(AS,2011,21,137.7)
(AS,2015,36,188.37)
(AS,2010,31,122)
(AS,2014,46,180.96)
(AS,2002,12,74.88)
(AS,1990,11,58.05)
(AS,1992,46,63)
(AS,1994,26,70.55)
(AS,2011,22,140.14)
(AS,2006,28,120.12)
(AS,2001,23,116.92)
(AS,1995,17,82.5)
(AS,2014,47,180.69)
(AS,2004,48,97.75)
(AS,1992,47,64.5)
(AS,2002,13,79.46)
(AS,2015,37,189.6)
(AS,2005,38,108.55)
(AS,2000,33,107.8)
(AS,2010,32,122.8)
(AS,2007,18,129.22)
(AS,1990,12,56.8)
(AS,1994,27,67.72)
(AS,2012,12,153)
(AS,1993,37,66)
(AS,2001,24,118.8)
(AS,1995,18,82.8)
(AS,1994,28,71.26)
(AS,2006,29,117.71)
(AS,2014,48,180.94)
(AS,2005,39,108.8)
(AS,2015,38,189.9)
(AS,2010,33,126.07)
(AS,1992,48,63.9)
(AS,2012,13,151.5)
(AS,1993,38,66)
(AS,2007,19,127.19)
(AS,2000,34,106.05)
(AS,1990,13,57)
(AS,2011,23,138.32)
(AS,2004,49,97.37)
(AS,2002,14,75.97)
(AS,1995,19,83.72)
(AS,2012,14,153.64)
(AS,2011,24,137.28)
(AS,2001,25,116.76)
(AS,1990,14,56.1)
(AS,1993,39,66.22)
(AS,2015,39,190.88)
(AS,1992,49,63)
(AS,2002,15,77.44)
(AS,2000,35,105.56)
(AS,2014,49,179.8)
(AS,1994,29,69.3)
(AS,2010,34,125.24)
(AS,2012,15,152.83)
(AS,2001,26,117.72)
(AS,2002,16,77)
(AS,2000,36,104.92)
(AS,2011,25,133.33)
(AS,2010,35,124.26)
(AS,1990,15,58.15)
(AS,2002,17,74.8)
(AS,2011,26,136.73)
(AS,2012,16,150.1)
(AS,2000,37,107.92)
(AS,2010,36,127.1)
(AS,1990,16,54.75)
(AS,2001,27,114.63)
(AS,2002,18,75.62)
(AS,2001,28,116.6)
(AS,2011,27,135.86)
(AS,2010,37,124.16)
(AS,2012,17,150.72)
(AS,2000,38,106.04)
(AS,1990,17,57)
(AS,2000,39,104.55)
(AS,2012,18,153.8)
(AS,2001,29,121.18)
(AS,2010,38,122.48)
(AS,2002,19,76.87)
(AS,1990,18,58.65)
(AS,2011,28,139.64)
(AS,2010,39,124.63)
(AS,1990,19,57)
(AS,2012,19,151.49)
(AS,2011,29,138.38)
(AS,1989,30,56.1)
(AS,1988,40,53.9)
(AS,1987,50,51.75)
(AS,1987,1,52)
(AS,1988,41,54.38)
(AS,1989,31,55.25)
(AS,1999,30,94.34)
(AS,1988,1,49)
(AS,1987,51,51)
(AS,1997,50,82.8)
(AS,1998,40,84.7)
(AS,1989,32,54.6)
(AS,1988,2,49.5)
(AS,1998,41,82.62)
(AS,1988,42,54)
(AS,1987,52,50.05)
(AS,1997,51,81.9)
(AS,1999,31,95.04)
(AS,1989,1,56.7)
(AS,1988,3,48.3)
(AS,1997,52,82.94)
(AS,1988,43,55.2)
(AS,1989,2,56.55)
(AS,1989,33,57.4)
(AS,1999,32,95.08)
(AS,1998,42,81.12)
(AS,1989,3,55.2)
(AS,1988,44,53)
(AS,1989,34,56.7)
(AS,1988,4,50)
(AS,1998,43,82.8)
(AS,1999,33,96.16)
(AS,1989,35,58.35)
(AS,2005,40,106.17)
(AS,2008,10,145.04)
(AS,1999,34,95.91)
(AS,2004,50,99.18)
(AS,1998,44,82.82)
(AS,2006,30,116.93)
(AS,1988,45,54)
(AS,1988,5,50.5)
(AS,2007,20,127.23)
(AS,1989,4,57.2)
(AS,2008,11,143.6)
(AS,1994,30,68.9)
(AS,2006,31,119.34)
(AS,1999,35,96)
(AS,2014,50,180.24)
(AS,2015,40,198)
(AS,1996,10,82.95)
(AS,1992,50,63.05)
(AS,1989,36,57.6)
(AS,1993,40,67.5)
(AS,1988,6,52.2)
(AS,2007,21,130.27)
(AS,1989,5,56.25)
(AS,1998,45,84.64)
(AS,1995,20,82.98)
(AS,2005,41,106.05)
(AS,2004,51,96.75)
(AS,1988,46,53.55)
(AS,2004,52,99.75)
(AS,1995,21,84.96)
(AS,1988,7,52.4)
(AS,2006,32,117.45)
(AS,1998,46,84.9)
(AS,2015,41,196.62)
(AS,1994,31,69.52)
(AS,1993,41,65.52)
(AS,1988,47,57.2)
(AS,1996,11,86.21)
(AS,2005,42,108)
(AS,1992,51,61.68)
(AS,2014,51,181.35)
(AS,1999,36,97.92)
(AS,1989,37,54.6)
(AS,2007,22,129.48)
(AS,1989,6,58)
(AS,2008,12,144.18)
(AS,2006,33,119.86)
(AS,2007,23,130.44)
(AS,1988,48,54.95)
(AS,1995,22,85.2)
(AS,1999,37,95.94)
(AS,1992,52,61.5)
(AS,2005,43,105.85)
(AS,1994,32,71.28)
(AS,2015,42,193.64)
(AS,1993,42,64.96)
(AS,2014,52,184.26)
(AS,1989,7,56)
(AS,1988,8,52)
(AS,1989,38,55.65)
(AS,1996,12,85.3)
(AS,2008,13,148.12)
(AS,1998,47,84.7)
(AS,1988,49,57.2)
(AS,1989,39,54.22)
(AS,1996,13,81.86)
(AS,1993,43,63.65)
(AS,1988,9,53.2)
(AS,1999,38,93.84)
(AS,2007,24,127.68)
(AS,2005,44,104.71)
(AS,2008,14,145)
(AS,1998,48,83.35)
(AS,1989,8,54.05)
(AS,1994,33,68.85)
(AS,2015,43,192.45)
(AS,1995,23,81)
(AS,2006,34,119.07)
(AS,1994,34,69.92)
(AS,1998,49,81.42)
(AS,2015,44,195.75)
(AS,2006,35,116.55)
(AS,1993,44,63.1)
(AS,1995,24,77.74)
(AS,2007,25,130.9)
(AS,2003,10,87.45)
(AS,2001,30,114.17)
(AS,2005,45,109.14)
(AS,1999,39,94.24)
(AS,2000,40,107.32)
(AS,1996,14,82.88)
(AS,2002,20,74.4)
(AS,2008,15,143.82)
(AS,1989,9,57.88)
(AS,2003,11,87.59)
(AS,2006,36,119.2)
(AS,1991,10,56.7)
(AS,2013,10,171.25)
(AS,2008,16,143.96)
(AS,2012,20,153.7)
(AS,1990,20,57)
(AS,2007,26,130.6)
(AS,2001,31,117.82)
(AS,1993,45,67.5)
(AS,1995,25,80.5)
(AS,2010,40,125.46)
(AS,1994,35,72)
(AS,2000,41,106.08)
(AS,1996,15,81.9)
(AS,2011,30,136.72)
(AS,2002,21,77.9)
(AS,2005,46,108.5)
(AS,2007,27,130.68)
(AS,1990,21,57.75)
(AS,2006,37,118.62)
(AS,2011,31,140)
(AS,2002,22,75.96)
(AS,1994,36,71.7)
(AS,1996,16,84.68)
(AS,2010,41,123.2)
(AS,1995,26,79.35)
(AS,2013,11,165.76)
(AS,2005,47,109.8)
(AS,2003,12,84)
(AS,2001,32,118.29)
(AS,2008,17,144.69)
(AS,2012,21,151.24)
(AS,1993,46,68.01)
(AS,2000,42,108.96)
(AS,1991,11,59.48)
(AS,2002,23,74.52)
(AS,2011,32,136.82)
(AS,2013,12,167.9)
(AS,1996,17,81)
(AS,2005,48,109.85)
(AS,1991,12,56.9)
(AS,2007,28,130.02)
(AS,1994,37,72.03)
(AS,2001,33,117.5)
(AS,2003,13,86.84)
(AS,2012,22,154.57)
(AS,1995,27,82.5)
(AS,2006,38,118.17)
(AS,2008,18,151.34)
(AS,2000,43,106.44)
(AS,1993,47,66.15)
(AS,2010,42,126.58)
(AS,1990,22,57.6)
(AS,2007,29,133.12)
(AS,1990,23,56.55)
(AS,2012,23,154.78)
(AS,2013,13,166.6)
(AS,1991,13,58.5)
(AS,1993,48,65.27)
(AS,1995,28,80.64)
(AS,2000,44,105.74)
(AS,2006,39,117.84)
(AS,2011,33,134.28)
(AS,2002,24,77.91)
(AS,2003,14,86.45)
(AS,2008,19,151.05)
(AS,1996,18,82.18)
(AS,2010,43,126.38)
(AS,2005,49,108.36)
(AS,1994,38,68)
(AS,2001,34,116.28)
(AS,1994,39,68.92)
(AS,2003,15,87.5)
(AS,1990,24,57.75)
(AS,1996,19,82.13)
(AS,1995,29,80.46)
(AS,2011,34,135.6)
(AS,1991,14,57.75)
(AS,2013,14,166.42)
(AS,2010,44,121.68)
(AS,2002,25,74.52)
(AS,2001,35,119.97)
(AS,2000,45,104.22)
(AS,2012,24,151.28)
(AS,1993,49,66)
(AS,2013,15,167.64)
(AS,2000,46,105.64)
(AS,2003,16,87.98)
(AS,2011,35,136.74)
(AS,2012,25,153.26)
(AS,1991,15,58)
(AS,1990,25,58.3)
(AS,2001,36,115.5)
(AS,2010,45,124.32)
(AS,2002,26,78.3)
(AS,1991,16,56.55)
(AS,2002,27,77.7)
(AS,2001,37,114.22)
(AS,2000,47,107.64)
(AS,2012,26,151.05)
(AS,2013,16,160.08)
(AS,2011,36,137.76)
(AS,2003,17,85.56)
(AS,1990,26,59.4)
(AS,2003,18,85.26)
(AS,2002,28,77.49)
(AS,2012,27,152.19)
(AS,2013,17,163.48)
(AS,1991,17,55.5)
(AS,2001,38,114.1)
(AS,2000,48,109.18)
(AS,2011,37,137.76)
(AS,1990,27,59.3)
(AS,1991,18,59.6)
(AS,2013,18,168.08)
(AS,2001,39,113.46)
(AS,1990,28,58.05)
(AS,2012,28,149.33)
(AS,2000,49,109.98)
(AS,2002,29,77.42)
(AS,2011,38,135.47)
(AS,2003,19,85.28)
(AS,2012,29,153.4)
(AS,2011,39,140.14)
(AS,2010,49,131.95)
(AS,2013,19,163.7)
(AS,1990,29,59.5)
(AS,1991,19,58.5)
(AS,1990,1,55.35)
(AS,1990,2,57.5)
(AS,1991,1,58.72)
(AS,1991,2,58.5)
(AS,1990,3,54.75)
(AS,1992,1,64)
(AS,1993,1,68.25)
(AS,1991,3,60)
(AS,1990,4,56.4)
(AS,1992,2,60)
(AS,1991,4,57.75)
(AS,1992,3,58)
(AS,1990,5,56)
(AS,1994,1,66.54)
(AS,1993,2,64.45)
(AS,1991,5,57.4)
(AS,1993,3,65.11)
(AS,1992,4,57.6)
(AS,1995,1,85.27)
(AS,1990,6,60.85)
(AS,1994,2,66.16)
(AS,1994,3,67.3)
(AS,1991,6,59.5)
(AS,1996,1,85.68)
(AS,1993,4,63.22)
(AS,1992,5,62.1)
(AS,1995,2,79.56)
(AS,1990,7,58.72)
(AS,1992,6,60)
(AS,1990,8,57)
(AS,1996,2,83.79)
(AS,1991,7,60.8)
(AS,1995,3,83.7)
(AS,1994,4,64.35)
(AS,1988,50,56.7)
(AS,1989,40,57.6)
(AS,1993,5,63)
(AS,1997,1,81.12)
(AS,1994,5,68.82)
(AS,1998,1,85.12)
(AS,1993,6,62)
(AS,1999,40,95.76)
(AS,1990,9,57.6)
(AS,1997,2,83.5)
(AS,1996,3,84.32)
(AS,1995,4,80.15)
(AS,1998,50,83.54)
(AS,1992,7,62.7)
(AS,1988,51,54.74)
(AS,1991,8,58.78)
(AS,1989,41,57.5)
(AS,1993,7,60.8)
(AS,1992,8,63)
(AS,1998,51,84.7)
(AS,1989,42,57.5)
(AS,1997,3,81.62)
(AS,1991,9,60)
(AS,1995,5,83.18)
(AS,1998,2,80.14)
(AS,1988,52,57.6)
(AS,1994,6,66.18)
(AS,1999,1,98.64)
(AS,1999,41,95.68)
(AS,1996,4,81.18)
(AS,1988,53,56.55)
(AS,1992,9,60.8)
(AS,1999,42,94.8)
(AS,1998,3,80.34)
(AS,1989,43,55.5)
(AS,1999,2,93.26)
(AS,1993,8,64.74)
(AS,1996,5,84.28)
(AS,1997,4,80.23)
(AS,1994,7,69.3)
(AS,1995,6,83.14)
(AS,1998,52,84)
(AS,1995,7,84.12)
(AS,1994,8,63.7)
(AS,1996,6,86.8)
(AS,1993,9,63.75)
(AS,1989,44,57.5)
(AS,1999,43,96.6)
(AS,1998,4,79.04)
(AS,1997,5,80.48)
(AS,1999,3,91.35)
(AS,1999,4,90)
(AS,1999,44,94.61)
(AS,2007,30,133.48)
(AS,2005,50,108.02)
(AS,1994,9,67)
(AS,2006,40,118.32)
(AS,2008,20,152.26)
(AS,2009,10,110.16)
(AS,1997,6,79.86)
(AS,1998,5,81.18)
(AS,1996,7,86.55)
(AS,1989,45,55.9)
(AS,1995,8,84.96)
(AS,2007,31,128.74)
(AS,2009,11,110.4)
(AS,1997,7,81.83)
(AS,2008,21,149.94)
(AS,1998,6,80.3)
(AS,1999,5,90.9)
(AS,1997,10,79)
(AS,1989,46,56)
(AS,1995,9,83.7)
(AS,1994,40,70.66)
(AS,1999,45,96.93)
(AS,1993,50,66.96)
(AS,1995,30,80.34)
(AS,1996,8,82.52)
(AS,1996,20,80.04)
(AS,2006,41,119.72)
(AS,2005,51,108.14)
(AS,1998,7,82.39)
(AS,1999,46,98.67)
(AS,2008,22,147)
(AS,1994,41,69.93)
(AS,1999,6,91.3)
(AS,1996,9,83.76)
(AS,2009,12,106.55)
(AS,2006,42,119.27)
(AS,2005,52,110.04)
(AS,1995,31,79.44)
(AS,1996,21,81.42)
(AS,1997,8,80.04)
(AS,2007,32,131.58)
(AS,1997,11,81.48)
(AS,1989,47,58.8)
(AS,1993,51,65.8)
(AS,1997,12,79.17)
(AS,1996,22,79.57)
(AS,1995,32,81.74)
(AS,1989,48,56.38)
(AS,1998,8,79.52)
(AS,2005,53,112.32)
(AS,1999,7,89)
(AS,1994,42,69.8)
(AS,2009,13,106.64)
(AS,2007,33,129.35)
(AS,1997,9,81.4)
(AS,2006,43,119.28)
(AS,1999,47,97.02)
(AS,1993,52,70.81)
(AS,1997,13,79.47)
(AS,1994,43,69.44)
(AS,2009,14,108.99)
(AS,1996,23,82.8)
(AS,2006,44,120.96)
(AS,2007,34,131.3)
(AS,1995,33,79.8)
(AS,1998,9,80.92)
(AS,1989,49,57)
(AS,1999,48,97.3)
(AS,1999,8,92.81)
(AS,2002,30,74.26)
(AS,1996,24,78.65)
(AS,2009,15,108.78)
(AS,2003,20,84.88)
(AS,1995,34,80.64)
(AS,1999,49,98.94)
(AS,1999,9,95.58)
(AS,2006,45,117.36)
(AS,2004,10,95.46)
(AS,1997,14,80.46)
(AS,1994,44,71.28)
(AS,2007,35,131.12)
(AS,2001,40,112.28)
(AS,2000,50,106.32)
(AS,2009,16,111.47)
(AS,1997,15,80.36)
(AS,2007,36,129.2)
(AS,2006,46,120.12)
(AS,2003,21,86.73)
(AS,1995,35,80)
(AS,2011,40,140.14)
(AS,2004,11,98.26)
(AS,2012,30,146.94)
(AS,1994,45,72.42)
(AS,2001,41,113.96)
(AS,1996,25,77.26)
(AS,1990,30,60)
(AS,2000,51,104.65)
(AS,1992,10,61.15)
(AS,2013,20,165.3)
(AS,2010,50,125.4)
(AS,1991,20,59)
(AS,2014,10,186.83)
(AS,2002,31,76.8)
(AS,1992,11,61.8)
(AS,1996,26,80.62)
(AS,2002,32,76.4)
(AS,2006,47,121.55)
(AS,1994,46,74.26)
(AS,2009,17,107.25)
(AS,1991,21,58.9)
(AS,1995,36,81.36)
(AS,2001,42,114.45)
(AS,1990,31,56.95)
(AS,2008,27,151.05)
(AS,2011,41,136.32)
(AS,2010,51,127.99)
(AS,1997,16,80)
(AS,2003,22,86.94)
(AS,2014,11,181.9)
(AS,2004,12,95.94)
(AS,2013,21,165.55)
(AS,2012,31,152.09)
(AS,2000,52,106.09)
(AS,2007,37,128.27)
(AS,2010,52,128.96)
(AS,2002,33,77.5)
(AS,1990,32,58)
(AS,1991,22,59)
(AS,2009,18,109.35)
(AS,1994,47,75.91)
(AS,2007,38,129.83)
(AS,1992,12,62)
(AS,1996,27,78.66)
(AS,2004,13,94.22)
(AS,2003,23,87.48)
(AS,2014,12,183.92)
(AS,2001,43,110.49)
(AS,1997,17,80.63)
(AS,2013,22,166.8)
(AS,1995,37,82.88)
(AS,2012,32,152.65)
(AS,2008,28,152.45)
(AS,2000,53,107.16)
(AS,2011,42,136.89)
(AS,2006,48,120.75)
(AS,2002,34,76.74)
(AS,1995,38,82.59)
(AS,2009,19,109.2)
(AS,2008,29,149.15)
(AS,1990,33,59.92)
(AS,1996,28,79)
(AS,2003,24,85.3)
(AS,2014,13,186.18)
(AS,2013,23,166.5)
(AS,2004,14,94.94)
(AS,1992,13,61.12)
(AS,2012,33,152.7)
(AS,2001,44,115.28)
(AS,2006,49,121.52)
(AS,2007,39,130.95)
(AS,1991,23,61.2)
(AS,2011,43,135.45)
(AS,1994,48,75)
(AS,1997,18,79.56)
(AS,1995,39,83)
(AS,2003,25,85)
(AS,1997,19,78.66)
(AS,1992,14,61.25)
(AS,1991,24,62)
(AS,2012,34,152.14)
(AS,2013,24,161.76)
(AS,1994,49,75)
(AS,2014,14,185.45)
(AS,2011,44,143.29)
(AS,2004,15,95.59)
(AS,2001,45,116.52)
(AS,2002,35,76.65)
(AS,1990,34,59.5)
(AS,1996,29,78.3)
(AS,2012,35,153.3)
(AS,2001,46,116.58)
(AS,2004,16,95.46)
(AS,1992,15,61.75)
(AS,2003,26,86.42)
(AS,2013,25,163.8)
(AS,2002,36,76.95)
(AS,1990,35,56.3)
(AS,1991,25,63.78)
(AS,2014,15,179.8)
(AS,2011,45,141.05)
(AS,1991,26,63.75)
(AS,1992,16,63.2)
(AS,2002,37,76.32)
(AS,2014,16,180.54)
(AS,2011,46,143.16)
(AS,2001,47,113.14)
(AS,2012,36,157.08)
(AS,2004,17,94.54)
(AS,2013,26,159.46)
(AS,1990,36,57)
(AS,2003,27,84.56)
(AS,2014,17,182.39)
(AS,2003,28,83.82)
(AS,2001,48,115.32)
(AS,2002,38,76.2)
(AS,2011,47,138.32)
(AS,1991,27,64.35)
(AS,1992,17,60.8)
(AS,2004,18,96.04)
(AS,2012,37,155.7)
(AS,1990,37,59.85)
(AS,2013,27,159.82)
(AS,2013,28,161.7)
(AS,1990,38,58)
(AS,1991,28,63.7)
(AS,1992,18,59.82)
(AS,2014,18,175.5)
(AS,2001,49,118.08)
(AS,2002,39,76.56)
(AS,2003,29,86)
(AS,2011,48,141.4)
(AS,2012,38,153.26)
(AS,2004,19,97.44)
(AS,2014,19,172.55)
(AS,1992,19,60.85)
(AS,1991,29,62.1)
(AS,2013,29,154.1)
(AS,2012,39,154.35)
(AS,2011,49,143.6)
(AS,1990,39,57.6)
(AS,1989,50,57.8)
(AS,1989,51,59.1)
(AS,1999,50,96.6)
(AS,1999,51,98.88)
(AS,1989,52,56.35)
(AS,1999,52,100.08)
(AS,2007,40,125.73)
(AS,1988,10,52.2)
(AS,2009,20,111.72)
(AS,2008,30,152.51)
(AS,2006,50,117.76)
(AS,2007,41,134)
(AS,1996,30,78.66)
(AS,1997,20,78.97)
(AS,1988,11,53.1)
(AS,2008,31,152.24)
(AS,1994,50,74.6)
(AS,1998,10,80.64)
(AS,2009,21,114)
(AS,2006,51,120.65)
(AS,1995,40,83.32)
(AS,2008,32,150.45)
(AS,1988,12,54)
(AS,1998,11,83.52)
(AS,2006,52,123.42)
(AS,1997,21,76.96)
(AS,1995,41,83.28)
(AS,2007,42,129.72)
(AS,1994,51,75.7)
(AS,2009,22,112.2)
(AS,1996,31,79.05)
(AS,2007,43,131.41)
(AS,1997,22,79.5)
(AS,1998,12,80.27)
(AS,2009,23,114.61)
(AS,1988,13,53.1)
(AS,1994,52,72.59)
(AS,1995,42,81.07)
(AS,2008,33,150.06)
(AS,1996,32,77.26)
(AS,2008,34,153.45)
(AS,1997,23,80.4)
(AS,1995,43,80.46)
(AS,1998,13,78.88)
(AS,2007,44,131.88)
(AS,2009,24,112.32)
(AS,1994,53,72.52)
(AS,1996,33,77.28)
(AS,1988,14,52.8)
(AS,2009,25,115.58)
(AS,1997,24,78.72)
(AS,1995,44,82.5)
(AS,2004,20,96.39)
(AS,2002,40,78.35)
(AS,2007,45,133.1)
(AS,2008,35,149.64)
(AS,2001,50,116.59)
(AS,2005,10,104.72)
(AS,1998,14,81.9)
(AS,1988,15,54)
(AS,1996,34,79.12)
(AS,2003,30,86.35)
(AS,2002,41,75.04)
(AS,2004,21,95.04)
(AS,2013,30,159.6)
(AS,2005,11,103.92)
(AS,1992,20,64.8)
(AS,2001,51,117.66)
(AS,1990,40,58.5)
(AS,2012,40,153.7)
(AS,1988,16,52.5)
(AS,1993,10,62.37)
(AS,2014,20,177.82)
(AS,2008,36,153.86)
(AS,2009,26,113.4)
(AS,2003,31,87.1)
(AS,1996,35,78.78)
(AS,2007,46,132.24)
(AS,1991,30,61.2)
(AS,2011,50,140)
(AS,1997,25,80.87)
(AS,2015,10,190.08)
(AS,1995,45,84.18)
(AS,1998,15,80.24)
(AS,2013,31,153.54)
(AS,1990,41,58.5)
(AS,1996,36,77.22)
(AS,2014,21,181.25)
(AS,1995,46,85.5)
(AS,1997,26,81.48)
(AS,2009,27,111.78)
(AS,2011,51,138.88)
(AS,1988,17,51.7)
(AS,1998,16,80.68)
(AS,1991,31,62.7)
(AS,2005,12,105.3)
(AS,2007,47,132.24)
(AS,2012,41,153.08)
(AS,2003,32,86.25)
(AS,1992,21,62.1)
(AS,1993,11,63.05)
(AS,2015,11,192.4)
(AS,2001,52,120.6)
(AS,2008,37,151.8)
(AS,2004,22,93.48)
(AS,2002,42,77.39)
(AS,2013,32,156.54)
(AS,1992,22,62.3)
(AS,2002,43,78.3)
(AS,1996,37,78.78)
(AS,2011,52,145.38)
(AS,2014,22,179.42)
(AS,1997,27,81.9)
(AS,1988,18,52.35)
(AS,1993,12,61.6)
(AS,2015,12,195.83)
(AS,1991,32,63.9)
(AS,1995,47,85.68)
(AS,1990,42,60)
(AS,1998,17,81.74)
(AS,2007,48,131.48)
(AS,2004,23,95.2)
(AS,2008,38,151.12)
(AS,2009,28,115.83)
(AS,2012,42,148.98)
(AS,2003,33,86.49)
(AS,2005,13,105.2)
(AS,1995,48,84.93)
(AS,2003,34,85.59)
(AS,1996,38,80.6)
(AS,2009,29,110.77)
(AS,2007,49,132.3)
(AS,1998,18,82.88)
(AS,2015,13,195.93)
(AS,2014,23,179.56)
(AS,2005,14,107.02)
(AS,1992,23,62.4)
(AS,1988,19,52.5)
(AS,2004,24,98.54)
(AS,1990,43,58.5)
(AS,1991,33,61.95)
(AS,2002,44,79.2)
(AS,2013,33,159.6)
(AS,2008,39,149.91)
(AS,1993,13,63.4)
(AS,2011,53,142.6)
(AS,2012,43,154.5)
(AS,1997,28,82.15)
(AS,2013,34,158.71)
(AS,1993,14,62.1)
(AS,1992,24,61.1)
(AS,2003,35,85.36)
(AS,2012,44,149.3)
(AS,1998,19,81.84)
(AS,2005,15,105.64)
(AS,1996,39,80.6)
(AS,1995,49,85.1)
(AS,2002,45,75.87)
(AS,1997,29,83.7)
(AS,2014,24,175.05)
(AS,2004,25,98.62)
(AS,1991,34,62.5)
(AS,2015,14,198.77)
(AS,1990,44,60)
(AS,2000,10,107.4)
(AS,2010,10,125.43)
(AS,1990,45,58.8)
(AS,2004,26,98.88)
(AS,1991,35,62.7)
(AS,2003,36,87.1)
(AS,2014,25,175.5)
(AS,1992,25,63)
(AS,2000,11,106.56)
(AS,2012,45,153.86)
(AS,2005,16,106.4)
(AS,2013,35,160.5)
(AS,2015,15,192.21)
(AS,2002,46,76.59)
(AS,1993,15,60.76)
(AS,2013,36,158.08)
(AS,2014,26,173.88)
(AS,2005,17,104.71)
(AS,1992,26,62)
(AS,2012,46,160.16)
(AS,2000,12,108.3)
(AS,1991,36,63.45)
(AS,2015,16,188.3)
(AS,1993,16,60.5)
(AS,2004,27,98.56)
(AS,1990,46,61.5)
(AS,2010,11,124.06)
(AS,2003,37,85.5)
(AS,2002,47,78.92)
(AS,2005,18,105.6)
(AS,1990,47,57)
(AS,2000,13,107.21)
(AS,1991,37,61.7)
(AS,2015,17,191.54)
(AS,2010,12,120.16)
(AS,1992,27,61.68)
(AS,2012,47,164.16)
(AS,1993,17,60.72)
(AS,2002,48,79.56)
(AS,2003,38,88.77)
(AS,2004,28,97.85)
(AS,2013,37,160.77)
(AS,2014,27,174.4)
(AS,2010,13,118.9)
(AS,2000,14,105.84)
(AS,2013,38,156.18)
(AS,1991,38,62.7)
(AS,2005,19,103.68)
(AS,2004,29,96.6)
(AS,2012,48,155.25)
(AS,2003,39,84)
(AS,1990,48,60.9)
(AS,2015,18,192.35)
(AS,1992,28,63)
(AS,2002,49,78.26)
(AS,1993,18,62.08)
(AS,2014,28,174.24)
(AS,2012,49,156.06)
(AS,1990,49,57.68)
(AS,2013,39,158.43)
(AS,2000,15,106.86)
(AS,1993,19,62.1)
(AS,2010,14,125.51)
(AS,2015,19,190.15)
(AS,1992,29,65.8)
(AS,2014,29,172.52)
(AS,1991,39,62.4)
(AS,2000,16,106.74)
(AS,2010,15,122.14)
(AS,2010,16,124.46)
(AS,2000,17,105.84)
(AS,2010,17,122)
(AS,2000,18,105.72)
(AS,2010,18,120.98)
(AS,2000,19,105.3)
(AS,2010,19,125.48)
(AS,2000,1,104.03)
(AS,2000,2,108.75)
(AS,2001,1,116)
(AS,2000,3,106.5)
(AS,2002,1,75.62)
(AS,2001,2,116.16)
(AS,2000,4,105.48)
(AS,2001,3,117.6)
(AS,2003,1,85.8)
(AS,2002,2,73.12)
(AS,2004,1,98.12)
(AS,2003,2,86.4)
(AS,2000,5,105.96)
(AS,2002,3,76.8)
(AS,2001,4,116.44)
(AS,2004,2,96.2)
(AS,2003,3,84.88)
(AS,2002,4,72.23)
(AS,2001,5,116.28)
(AS,2000,6,107.2)
(AS,2005,1,104.92)
(AS,2000,7,103.81)
(AS,2002,5,73.53)
(AS,2006,1,120.32)
(AS,2005,2,106.25)
(AS,2004,3,95)
(AS,2001,6,117.04)
(AS,2003,4,86.34)
(AS,2002,6,72.93)
(AS,2004,4,95.55)
(AS,2001,7,117.38)
(AS,2003,5,86.24)
(AS,2005,3,107.13)
(AS,2000,8,108.59)
(AS,2006,2,115.71)
(AS,2007,1,129.72)
(AS,2005,4,108.75)
(AS,2003,6,85.68)
(AS,2007,2,129.22)
(AS,2008,1,147.25)
(AS,2004,5,94.53)
(AS,2006,3,118.14)
(AS,2001,8,116.16)
(AS,2000,9,107.11)
(AS,2002,7,77.4)
(AS,2002,8,76.06)
(AS,2005,5,107.14)
(AS,2008,2,145.3)
(AS,2006,4,119.1)
(AS,2004,6,93.39)
(AS,2001,9,117.48)
(AS,2003,7,87.1)
(AS,2009,1,111.02)
(AS,2007,3,130.41)
(AS,2006,5,120.6)
(AS,2007,4,128.92)
(AS,2003,8,84.39)
(AS,2004,7,96.82)
(AS,2005,6,106.64)
(AS,2009,2,112.74)
(AS,2008,3,145.36)
(AS,2002,9,74.82)
(AS,2008,4,147.03)
(AS,2007,50,135.96)
(AS,2008,40,151.28)
(AS,1988,20,53.2)
(AS,2006,6,118.58)
(AS,2007,5,131.84)
(AS,2004,8,95.67)
(AS,2005,7,105.64)
(AS,2009,3,109.2)
(AS,2003,9,86.92)
(AS,1989,10,56.1)
(AS,2009,30,113.4)
(AS,1989,11,55)
(AS,1996,40,81.32)
(AS,1999,10,93.96)
(AS,2007,6,132.84)
(AS,2004,9,94.87)
(AS,1997,30,81.62)
(AS,2009,31,114.67)
(AS,2008,41,148.84)
(AS,2006,7,120.54)
(AS,2007,51,137.48)
(AS,2005,8,105.6)
(AS,2009,4,110.76)
(AS,1998,20,80.88)
(AS,2008,5,146)
(AS,1995,50,85.15)
(AS,1988,21,54)
(AS,1988,22,53.1)
(AS,2007,52,137.7)
(AS,2008,6,148.4)
(AS,1989,12,56.9)
(AS,1998,21,79.56)
(AS,1997,31,82.95)
(AS,2007,7,134.16)
(AS,2008,42,150)
(AS,2009,5,109.2)
(AS,1996,41,80.46)
(AS,2005,9,109.5)
(AS,1999,11,97.2)
(AS,1995,51,85.05)
(AS,2006,8,120.88)
(AS,2009,32,110.85)
(AS,2009,6,108.5)
(AS,1998,22,80.04)
(AS,2007,8,128.25)
(AS,1988,23,52.7)
(AS,1995,52,84.46)
(AS,1997,32,83.19)
(AS,1989,13,54)
(AS,2008,43,150.52)
(AS,2009,33,112.2)
(AS,1996,42,80.12)
(AS,1999,12,95.21)
(AS,2008,7,143.78)
(AS,2006,9,118.99)
(AS,2008,8,147.63)
(AS,1999,13,96.74)
(AS,2009,34,112.96)
(AS,2009,7,111.24)
(AS,1988,24,53.98)
(AS,1989,14,56)
(AS,1996,43,79.75)
(AS,1998,23,82.95)
(AS,2008,44,151.79)
(AS,2007,9,132)
(AS,1997,33,81.6)
(AS,2008,45,152.98)
(AS,2004,30,94.99)
(AS,1989,15,55.8)
(AS,2003,40,86.54)
(AS,1996,44,79.8)
(AS,2002,50,80.56)
(AS,2006,10,121.16)
(AS,2009,35,114.12)
(AS,1997,34,83.62)
(AS,2005,20,106.56)
(AS,1998,24,85.26)
(AS,2009,8,112.5)
(AS,2008,9,142.8)
(AS,1988,25,53.35)
(AS,1999,14,95.87)
(AS,1998,25,83.37)
(AS,2008,46,151.74)
(AS,1997,35,83.82)
(AS,1988,26,53.1)
(AS,1992,30,64)
(AS,2005,21,105.74)
(AS,1990,50,60.8)
(AS,2015,20,190.59)
(AS,2009,9,110.15)
(AS,2012,50,154.1)
(AS,2006,11,120)
(AS,2013,40,160.73)
(AS,2003,41,87.12)
(AS,2004,31,96.76)
(AS,2002,51,76.23)
(AS,1996,45,79.8)
(AS,1999,15,91.64)
(AS,1991,40,63)
(AS,1993,20,61.12)
(AS,1989,16,57.6)
(AS,1994,10,67.9)
(AS,2014,30,171.6)
(AS,2009,36,113.39)
(AS,1988,27,54.1)
(AS,1999,16,94.24)
(AS,1989,17,55.28)
(AS,1990,51,58.9)
(AS,2002,52,80.6)
(AS,1997,36,83.32)
(AS,1991,41,62.22)
(AS,1992,31,63.5)
(AS,1998,26,83.52)
(AS,2004,32,96.8)
(AS,2003,42,84.66)
(AS,2015,21,191.25)
(AS,2012,51,156.22)
(AS,2006,12,117.8)
(AS,1993,21,59.34)
(AS,2014,31,168.96)
(AS,2005,22,106.26)
(AS,1996,46,80.8)
(AS,2009,37,116.34)
(AS,1994,11,67.52)
(AS,2013,41,160.65)
(AS,2008,47,151.2)
(AS,2004,33,97.11)
(AS,1999,17,95.68)
(AS,1988,28,53.3)
(AS,1992,32,65.05)
(AS,2006,13,119.52)
(AS,2015,22,191.54)
(AS,1994,12,67.8)
(AS,2003,43,85.68)
(AS,2012,52,158.4)
(AS,1989,18,55.1)
(AS,2008,48,154)
(AS,1993,22,61.36)
(AS,1990,52,61.1)
(AS,2005,23,106.7)
(AS,2013,42,160.02)
(AS,2014,32,171.6)
(AS,1996,47,82.44)
(AS,2009,38,112.53)
(AS,1998,27,84.46)
(AS,1997,37,80.18)
(AS,1991,42,62.32)
(AS,1991,43,63.4)
(AS,1999,18,94.62)
(AS,2009,39,112.41)
(AS,1994,13,68)
(AS,1992,33,62.7)
(AS,1998,28,84.36)
(AS,2014,33,173.3)
(AS,1988,29,52.5)
(AS,2005,24,107.74)
(AS,2008,49,154.1)
(AS,2003,44,83.08)
(AS,1993,23,61.36)
(AS,2004,34,97)
(AS,1989,19,58.5)
(AS,2013,43,160.55)
(AS,2015,23,191)
(AS,1997,38,80.33)
(AS,1996,48,83.83)
(AS,2006,14,119.95)
(AS,2001,10,115.14)
(AS,2006,15,119.2)
(AS,2000,20,104.67)
(AS,1991,44,60.8)
(AS,1999,19,93.6)
(AS,2015,24,191.1)
(AS,2005,25,105.58)
(AS,1998,29,86.94)
(AS,2003,45,84.94)
(AS,2004,35,98.04)
(AS,1997,39,81.7)
(AS,1992,34,63.75)
(AS,2014,34,174.64)
(AS,1994,14,67.9)
(AS,2013,44,164.19)
(AS,1996,49,82.59)
(AS,1993,24,62.15)
(AS,2003,46,86.95)
(AS,1991,45,62.4)
(AS,2015,25,188.94)
(AS,2006,16,117.26)
(AS,1992,35,63.8)
(AS,2004,36,95.35)
(AS,1994,15,66.6)
(AS,2014,35,170.34)
(AS,2001,11,115.44)
(AS,2000,21,103.62)
(AS,2010,20,126.99)
(AS,2011,10,141.02)
(AS,1993,25,63.42)
(AS,2013,45,168.75)
(AS,2005,26,107.06)
(AS,2003,47,84.48)
(AS,2001,12,118.15)
(AS,1991,46,63.35)
(AS,1994,16,67.22)
(AS,2005,27,105.28)
(AS,2014,36,172.5)
(AS,2000,22,104.52)
(AS,2004,37,94.36)
(AS,1993,26,65.8)
(AS,2011,11,136.97)
(AS,2015,26,188.57)
(AS,1992,36,63.95)
(AS,2006,17,119.52)
(AS,2010,21,127.92)
(AS,2013,46,163.66)
(AS,1992,37,61.6)
(AS,1993,27,64.95)
(AS,2015,27,190.5)
(AS,2003,48,86.46)
(AS,2014,37,174)
(AS,2004,38,94.86)
(AS,1991,47,60)
(AS,2001,13,119.94)
(AS,2011,12,133.06)
(AS,1994,17,66.15)
(AS,2005,28,108)
(AS,2006,18,117.48)
(AS,2000,23,107.2)
(AS,2010,22,130.98)
(AS,2013,47,170.5)
(AS,2006,19,117.53)
(AS,2011,13,139.12)
(AS,2005,29,103.66)
(AS,2014,38,172.83)
(AS,2013,48,171.66)
(AS,2015,28,191.76)
(AS,2004,39,96.04)
(AS,1991,48,63)
(AS,1992,38,65.25)
(AS,2000,24,107.5)
(AS,2003,49,83.5)
(AS,1994,18,65)
(AS,1993,28,63.72)
(AS,2001,14,115.56)
(AS,2010,23,128.5)
(AS,1992,39,60.68)
(AS,2001,15,114.33)
(AS,2010,24,127.1)
(AS,2015,29,189)
(AS,2013,49,166.86)
(AS,2014,39,174.55)
(AS,2011,14,138.74)
(AS,1991,49,61.6)
(AS,2000,25,107.52)
(AS,1994,19,67.48)
(AS,1993,29,62.51)
(AS,2011,15,139.2)
(AS,2010,25,126.4)
(AS,2000,26,108.64)
(AS,2001,16,114.92)
(AS,2000,27,106.53)
(AS,2011,16,139.46)
(AS,2001,17,114.75)
(AS,2010,26,125.57)
(AS,2011,17,136.32)
(AS,2010,27,124.62)
(AS,2001,18,115.44)
(AS,2000,28,107.25)
(AS,2011,18,137.64)
(AS,2001,19,114.13)
(AS,2010,28,127.64)
(AS,2000,29,106.2)
(AS,2010,1,126.75)
(AS,2011,19,136.88)
(AS,2010,29,124.74)
(AS,2010,2,125.4)
(AS,2011,1,156)
(AS,2012,1,154.78)
(AS,2010,3,123.24)
(AS,2011,2,137.7)
(AS,2013,1,173.1)
(AS,2011,3,138.32)
(AS,2010,4,125.6)
(AS,2012,2,153.64)
